service_id,monday,tuesday,wednesday,thursday,friday,saturday,sunday,start_date,end_date
312761797179,1,1,1,1,1,1,1,20260628,20270628
112762847179,1,1,1,1,1,1,1,20261011,20270628
212761796282,1,1,1,1,1,1,1,20260628,20261009
100162836283,0,0,0,0,0,1,0,20261010,20261010
306261797179,1,1,1,1,1,0,0,20260628,20270628
306561797179,0,0,0,0,0,1,1,20260628,20270628
300261797179,0,0,0,0,1,0,0,20260628,20270628
306461797179,0,0,0,0,0,0,1,20260628,20270628
300161797179,0,0,0,0,0,1,0,20260628,20270628
106462567179,0,0,0,0,0,0,1,20260913,20270628
307461797179,0,0,1,0,1,0,1,20260628,20270628
112762487179,1,1,1,1,1,1,1,20260905,20270628
212761796246,1,1,1,1,1,1,1,20260628,20260903
100262476247,0,0,0,0,1,0,0,20260904,20260904
106262517179,1,1,1,1,1,0,0,20260908,20270628
206261796247,1,1,1,1,1,0,0,20260628,20260904
103262506250,1,0,0,0,0,0,0,20260907,20260907
206461796242,0,0,0,0,0,0,1,20260628,20260830
206261796285,1,1,1,1,1,0,0,20260628,20261012
106262867179,1,1,1,1,1,0,0,20261013,20270628
106562907179,0,0,0,0,0,1,1,20261017,20270628
206561796284,0,0,0,0,0,1,1,20260628,20261011
112762327179,1,1,1,1,1,1,1,20260820,20270628
212761796229,1,1,1,1,1,1,1,20260628,20260817
102462306231,0,1,1,0,0,0,0,20260818,20260819
306061797179,1,1,1,1,0,0,0,20260628,20270628
200161796304,0,0,0,0,0,1,0,20260628,20261031
206261796303,1,1,1,1,1,0,0,20260628,20261030
206561796305,0,0,0,0,0,1,1,20260628,20261101
106363067179,1,1,1,1,1,1,0,20261102,20270628
112763067179,1,1,1,1,1,1,1,20261102,20270628
106270047179,1,1,1,1,1,0,0,20270104,20270628
100163397179,0,0,0,0,0,1,0,20261205,20270628
200161796185,0,0,0,0,0,1,0,20260628,20260704
100261846184,0,0,0,0,1,0,0,20260703,20260703
100161926325,0,0,0,0,0,1,0,20260711,20261121
106462496249,0,0,0,0,0,0,1,20260906,20260906
100463306330,0,0,0,1,0,0,0,20261126,20261126
100263597001,0,0,0,0,1,0,0,20261225,20270101
200161796325,0,0,0,0,0,1,0,20260628,20261121
100361846185,0,0,0,0,1,1,0,20260703,20260704
100161926241,0,0,0,0,0,1,0,20260711,20260829
100162486325,0,0,0,0,0,1,0,20260905,20261121
106562557179,0,0,0,0,0,1,1,20260912,20270628
106562487179,0,0,0,0,0,1,1,20260905,20270628
112761947179,1,1,1,1,1,1,1,20260713,20270628
106561997179,0,0,0,0,0,1,1,20260718,20270628
106562977179,0,0,0,0,0,1,1,20261024,20270628
106462987179,0,0,0,0,0,0,1,20261025,20270628
100161926192,0,0,0,0,0,1,0,20260711,20260711
100161996241,0,0,0,0,0,1,0,20260718,20260829
100161996325,0,0,0,0,0,1,0,20260718,20261121
106263066329,1,1,1,1,1,0,0,20261102,20261125
106263316358,1,1,1,1,1,0,0,20261127,20261224
106063626365,1,1,1,1,0,0,0,20261228,20261231
206261796183,1,1,1,1,1,0,0,20260628,20260702
106261876191,1,1,1,1,1,0,0,20260706,20260710
106261946247,1,1,1,1,1,0,0,20260713,20260904
106262516329,1,1,1,1,1,0,0,20260908,20261125
212761796280,1,1,1,1,1,1,1,20260628,20261007
112762816303,1,1,1,1,1,1,1,20261008,20261030
112763047070,1,1,1,1,1,1,1,20261031,20270311
100270717071,0,0,0,0,1,0,0,20270312,20270312
106261876247,1,1,1,1,1,0,0,20260706,20260904
106262516303,1,1,1,1,1,0,0,20260908,20261030
112770737179,1,1,1,1,1,1,1,20270314,20270628
212761796179,1,1,1,1,1,1,1,20260628,20260628
112761806198,1,1,1,1,1,1,1,20260629,20260717
106561996200,0,0,0,0,0,1,1,20260718,20260719
212761796198,1,1,1,1,1,1,1,20260628,20260717
106261876240,1,1,1,1,1,0,0,20260706,20260828
106262436247,1,1,1,1,1,0,0,20260831,20260904
112762017179,1,1,1,1,1,1,1,20260720,20270628
106263346358,1,1,1,1,1,0,0,20261130,20261224
106063347179,1,1,1,1,0,0,0,20261130,20270628
106263317179,1,1,1,1,1,0,0,20261127,20270628
212461796182,1,1,1,1,0,0,1,20260628,20260701
106461866186,0,0,0,0,0,0,1,20260705,20260705
112461876246,1,1,1,1,0,0,1,20260706,20260903
112462506328,1,1,1,1,0,0,1,20260907,20261124
112463306357,1,1,1,1,0,0,1,20261126,20261223
112063616364,1,1,1,0,0,0,1,20261227,20261230
212761796237,1,1,1,1,1,1,1,20260628,20260825
112762386250,1,1,1,1,1,1,1,20260826,20260907
206061796182,1,1,1,1,0,0,0,20260628,20260701
106061876246,1,1,1,1,0,0,0,20260706,20260903
106062516328,1,1,1,1,0,0,0,20260908,20261124
112762127179,1,1,1,1,1,1,1,20260731,20270628
212761796211,1,1,1,1,1,1,1,20260628,20260730
112762516305,1,1,1,1,1,1,1,20260908,20261101
106261877179,1,1,1,1,1,0,0,20260706,20270628
100261917179,0,0,0,0,1,0,0,20260710,20270628
100663306331,0,0,0,1,1,0,0,20261126,20261127
206461796186,0,0,0,0,0,0,1,20260628,20260705
106461936242,0,0,0,0,0,0,1,20260712,20260830
100163326332,0,0,0,0,0,1,0,20261128,20261128
106461796179,0,0,0,0,0,0,1,20260628,20260628
206561796242,0,0,0,0,0,1,1,20260628,20260830
109762486250,1,0,0,0,0,1,1,20260905,20260907
206561796179,0,0,0,0,0,1,1,20260628,20260628
106761846186,0,0,0,0,1,1,1,20260703,20260705
106561926242,0,0,0,0,0,1,1,20260711,20260830
106262516289,1,1,1,1,1,0,0,20260908,20261016
106262926329,1,1,1,1,1,0,0,20261019,20261125
206261796181,1,1,1,1,1,0,0,20260628,20260630
106261836247,1,1,1,1,1,0,0,20260702,20260904
100861826182,0,0,1,0,0,0,0,20260701,20260701
211861796181,1,1,0,1,1,0,1,20260628,20260630
104861876202,1,1,0,0,0,0,0,20260706,20260721
101161896196,0,0,1,0,1,1,0,20260708,20260715
101161986206,0,0,1,0,1,1,0,20260717,20260725
109562096220,0,1,1,1,1,1,1,20260728,20260808
103562226227,1,0,0,0,1,1,0,20260810,20260815
105162296234,1,1,0,0,1,1,0,20260817,20260822
105162406244,1,1,0,0,1,1,0,20260828,20260901
102762516255,0,1,1,0,1,1,0,20260908,20260912
103362576262,1,0,0,0,0,1,0,20260914,20260919
109562656270,0,1,1,1,1,1,1,20260922,20260927
100462746274,0,0,0,1,0,0,0,20261001,20261001
102662756282,0,1,1,0,1,0,0,20261002,20261009
108062866291,0,1,0,0,0,0,1,20261013,20261018
100562886290,0,0,0,1,0,1,0,20261015,20261017
102863016307,0,1,1,1,0,0,0,20261028,20261103
101663146314,0,1,0,0,0,0,0,20261110,20261110
104463226327,1,0,1,1,0,0,0,20261118,20261123
100463446344,0,0,0,1,0,0,0,20261210,20261210
106561856186,0,0,0,0,0,1,1,20260704,20260705
106461936207,0,0,0,0,0,0,1,20260712,20260726
106462216235,0,0,0,0,0,0,1,20260809,20260823
106562426249,0,0,0,0,0,1,1,20260830,20260906
106462566263,0,0,0,0,0,0,1,20260913,20260920
106562766284,0,0,0,0,0,1,1,20261003,20261011
106562976318,0,0,0,0,0,1,1,20261024,20261114
106463196319,0,0,0,0,0,0,1,20261115,20261115
106462706319,0,0,0,0,0,0,1,20260927,20261115
106462706291,0,0,0,0,0,0,1,20260927,20261018
106461796186,0,0,0,0,0,0,1,20260628,20260705
100161926290,0,0,0,0,0,1,0,20260711,20261017
106462566291,0,0,0,0,0,0,1,20260913,20261018
100162976325,0,0,0,0,0,1,0,20261024,20261121
106263457179,1,1,1,1,1,0,0,20261211,20270628
106461796242,0,0,0,0,0,0,1,20260628,20260830
106461866242,0,0,0,0,0,0,1,20260705,20260830
106261876226,1,1,1,1,1,0,0,20260706,20260814
106262296247,1,1,1,1,1,0,0,20260817,20260904
101461826184,0,0,1,1,1,0,0,20260701,20260703
100461906197,0,0,0,1,0,0,0,20260709,20260716
103662046208,1,0,0,1,0,0,0,20260723,20260727
103262156215,1,0,0,0,0,0,0,20260803,20260803
102862236225,0,1,1,1,0,0,0,20260811,20260813
101262316232,0,0,1,1,0,0,0,20260819,20260820
106062366239,1,1,1,1,0,0,0,20260824,20260827
104662456250,1,0,1,1,1,0,0,20260902,20260907
100462536253,0,0,0,1,0,0,0,20260910,20260910
106262586264,1,1,1,1,1,0,0,20260915,20260921
105662716278,1,1,1,0,0,0,0,20260928,20261005
103662816285,1,0,0,1,0,0,0,20261008,20261012
100862876287,0,0,1,0,0,0,0,20261014,20261014
106262896300,1,1,1,1,1,0,0,20261016,20261027
103463036306,1,0,0,0,1,0,0,20261030,20261102
104663086313,1,0,1,1,1,0,0,20261104,20261109
106263156321,1,1,1,1,1,0,0,20261111,20261117
100263246324,0,0,0,0,1,0,0,20261120,20261120
106263286343,1,1,1,1,1,0,0,20261124,20261209
100461836183,0,0,0,1,0,0,0,20260702,20260702
100863296329,0,0,1,0,0,0,0,20261125,20261125
106561857179,0,0,0,0,0,1,1,20260704,20270628
106563257179,0,0,0,0,0,1,1,20261121,20270628
100162557179,0,0,0,0,0,1,0,20260912,20270628
106561926193,0,0,0,0,0,1,1,20260711,20260712
106561996242,0,0,0,0,0,1,1,20260718,20260830
106561996291,0,0,0,0,0,1,1,20260718,20261018
106461936193,0,0,0,0,0,0,1,20260712,20260712
106462006242,0,0,0,0,0,0,1,20260719,20260830
106463267179,0,0,0,0,0,0,1,20261122,20270628
100161996290,0,0,0,0,0,1,0,20260718,20261017
106562486249,0,0,0,0,0,1,1,20260905,20260906
206561796186,0,0,0,0,0,1,1,20260628,20260705
106561996214,0,0,0,0,0,1,1,20260718,20260802
106462006214,0,0,0,0,0,0,1,20260719,20260802
106462286242,0,0,0,0,0,0,1,20260816,20260830
100161996213,0,0,0,0,0,1,0,20260718,20260801
100162276325,0,0,0,0,0,1,0,20260815,20261121
212761796191,1,1,1,1,1,1,1,20260628,20260710
106562277179,0,0,0,0,0,1,1,20260815,20270628
106261946217,1,1,1,1,1,0,0,20260713,20260805
100662186219,0,0,0,1,1,0,0,20260806,20260807
106262226247,1,1,1,1,1,0,0,20260810,20260904
106261876218,1,1,1,1,1,0,0,20260706,20260806
206561796214,0,0,0,0,0,1,1,20260628,20260802
103261946194,1,0,0,0,0,0,0,20260713,20260713
106261956219,1,1,1,1,1,0,0,20260714,20260807
103262226222,1,0,0,0,0,0,0,20260810,20260810
106262236247,1,1,1,1,1,0,0,20260811,20260904
112470037179,1,1,1,1,0,0,1,20270103,20270628
105661806182,1,1,1,0,0,0,0,20260629,20260701
112761836193,1,1,1,1,1,1,1,20260702,20260712
106061946197,1,1,1,1,0,0,0,20260713,20260716
112761987179,1,1,1,1,1,1,1,20260717,20270628
112770017179,1,1,1,1,1,1,1,20270101,20270628
112762987179,1,1,1,1,1,1,1,20261025,20270628
112762906298,1,1,1,1,1,1,1,20261017,20261025
106562206221,0,0,0,0,0,1,1,20260808,20260809
106562276242,0,0,0,0,0,1,1,20260815,20260830
107070017179,0,0,0,1,1,0,1,20270101,20270628
105770027179,1,1,1,0,0,1,0,20270102,20270628
100162487179,0,0,0,0,0,1,0,20260905,20270628
106462497179,0,0,0,0,0,0,1,20260906,20270628
100262196219,0,0,0,0,1,0,0,20260807,20260807
212761796186,1,1,1,1,1,1,1,20260628,20260705
112761876242,1,1,1,1,1,1,1,20260706,20260830
112762436288,1,1,1,1,1,1,1,20260831,20261015
112763006365,1,1,1,1,1,1,1,20261027,20261231
112762906297,1,1,1,1,1,1,1,20261017,20261024
202161796185,0,1,0,1,0,1,0,20260628,20260704
102161886241,0,1,0,1,0,1,0,20260707,20260829
102162446288,0,1,0,1,0,1,0,20260901,20261015
102162906297,0,1,0,1,0,1,0,20261017,20261024
112670017179,1,1,1,1,1,0,1,20270101,20270628
106061876190,1,1,1,1,0,0,0,20260706,20260709
100261916191,0,0,0,0,1,0,0,20260710,20260710
106261946218,1,1,1,1,1,0,0,20260713,20260806
106262226240,1,1,1,1,1,0,0,20260810,20260828
206261796212,1,1,1,1,1,0,0,20260628,20260731
206561796207,0,0,0,0,0,1,1,20260628,20260726
200161796206,0,0,0,0,0,1,0,20260628,20260725
206461796207,0,0,0,0,0,0,1,20260628,20260726
112762137179,1,1,1,1,1,1,1,20260801,20270628
207461796186,0,0,1,0,1,0,1,20260628,20260705
107461896289,0,0,1,0,1,0,1,20260708,20261016
107462916298,0,0,1,0,1,0,1,20261018,20261025
200361796185,0,0,0,0,1,1,0,20260628,20260704
112461866239,1,1,1,1,0,0,1,20260705,20260827
100361916241,0,0,0,0,1,1,0,20260710,20260829
112462426246,1,1,1,1,0,0,1,20260830,20260903
100362476283,0,0,0,0,1,1,0,20260904,20261010
112462506288,1,1,1,1,0,0,1,20260907,20261015
100362896297,0,0,0,0,1,1,0,20261016,20261024
112462916298,1,1,1,1,0,0,1,20261018,20261025
112462996328,1,1,1,1,0,0,1,20261026,20261124
100363036360,0,0,0,0,1,1,0,20261030,20261226
100463586365,0,0,0,1,0,0,0,20261224,20261231
207061796186,0,0,0,1,1,0,1,20260628,20260705
100161856185,0,0,0,0,0,1,0,20260704,20260704
105761876192,1,1,1,0,0,1,0,20260706,20260711
107061906193,0,0,0,1,1,0,1,20260709,20260712
105661946196,1,1,1,0,0,0,0,20260713,20260715
100461976197,0,0,0,1,0,0,0,20260716,20260716
107061986242,0,0,0,1,1,0,1,20260717,20260830
105761996241,1,1,1,0,0,1,0,20260718,20260829
105762436364,1,1,1,0,0,1,0,20260831,20261230
107062466365,0,0,0,1,1,0,1,20260903,20261231
102163007179,0,1,0,1,0,1,0,20261027,20270628
212761796225,1,1,1,1,1,1,1,20260628,20260813
112762286288,1,1,1,1,1,1,1,20260816,20261015
112762896297,1,1,1,1,1,1,1,20261016,20261024
106661846186,0,0,0,0,1,0,1,20260703,20260705
100162206220,0,0,0,0,0,1,0,20260808,20260808
106462216221,0,0,0,0,0,0,1,20260809,20260809
100162276241,0,0,0,0,0,1,0,20260815,20260829
112761806211,1,1,1,1,1,1,1,20260629,20260730
212761796207,1,1,1,1,1,1,1,20260628,20260726
112762087179,1,1,1,1,1,1,1,20260727,20270628
212761796212,1,1,1,1,1,1,1,20260628,20260731
112762577179,1,1,1,1,1,1,1,20260914,20270628
206161796246,1,1,1,1,0,1,0,20260628,20260903
102962516255,0,1,1,1,0,1,0,20260908,20260912
206661796247,0,0,0,0,1,0,1,20260628,20260904
109862506256,1,0,0,0,1,0,1,20260907,20260913
207161796235,0,0,0,1,1,1,1,20260628,20260823
110362396243,1,0,0,1,1,1,1,20260827,20260831
112763207179,1,1,1,1,1,1,1,20261116,20270628
206561796249,0,0,0,0,0,1,1,20260628,20260906
206261796250,1,1,1,1,1,0,0,20260628,20260907
212761796305,1,1,1,1,1,1,1,20260628,20261101
112762916298,1,1,1,1,1,1,1,20261018,20261025
106261876217,1,1,1,1,1,0,0,20260706,20260805
107463017179,0,0,1,0,1,0,1,20261028,20270628
100370017179,0,0,0,0,1,1,0,20270101,20270628
112761876288,1,1,1,1,1,1,1,20260706,20261015
112762896298,1,1,1,1,1,1,1,20261016,20261025
112762996365,1,1,1,1,1,1,1,20261026,20261231
212661796184,1,1,1,1,1,0,1,20260628,20260703
112661866240,1,1,1,1,1,0,1,20260705,20260828
112662426247,1,1,1,1,1,0,1,20260830,20260904
100162486283,0,0,0,0,0,1,0,20260905,20261010
112662506288,1,1,1,1,1,0,1,20260907,20261015
112662896298,1,1,1,1,1,0,1,20261016,20261025
100162906297,0,0,0,0,0,1,0,20261017,20261024
112662996330,1,1,1,1,1,0,1,20261026,20261126
100163046360,0,0,0,0,0,1,0,20261031,20261226
100263316331,0,0,0,0,1,0,0,20261127,20261127
112663336365,1,1,1,1,1,0,1,20261129,20261231
106461936214,0,0,0,0,0,0,1,20260712,20260802
100162277179,0,0,0,0,0,1,0,20260815,20270628
106462287179,0,0,0,0,0,0,1,20260816,20270628
200161796213,0,0,0,0,0,1,0,20260628,20260801
106661796186,0,0,0,0,1,0,1,20260628,20260705
100161926213,0,0,0,0,0,1,0,20260711,20260801
106561926214,0,0,0,0,0,1,1,20260711,20260802
106461796214,0,0,0,0,0,0,1,20260628,20260802
205061796181,1,1,0,0,1,0,0,20260628,20260630
106061806183,1,1,1,1,0,0,0,20260629,20260702
106561937179,0,0,0,0,0,1,1,20260712,20270628
100170027179,0,0,0,0,0,1,0,20270102,20270628
112762227179,1,1,1,1,1,1,1,20260810,20270628
112761876219,1,1,1,1,1,1,1,20260706,20260807
112762226288,1,1,1,1,1,1,1,20260810,20261015
112762257179,1,1,1,1,1,1,1,20260813,20270628
112762226287,1,1,1,1,1,1,1,20260810,20261014
100361916213,0,0,0,0,1,1,0,20260710,20260801
100362196220,0,0,0,0,1,1,0,20260807,20260808
112762267179,1,1,1,1,1,1,1,20260814,20270628
107161836186,0,0,0,1,1,1,1,20260702,20260705
112761876193,1,1,1,1,1,1,1,20260706,20260712
112761986219,1,1,1,1,1,1,1,20260717,20260807
112762226365,1,1,1,1,1,1,1,20260810,20261231
106062086211,1,1,1,1,0,0,0,20260727,20260730
112762126221,1,1,1,1,1,1,1,20260731,20260809
106062226225,1,1,1,1,0,0,0,20260810,20260813
100362267179,0,0,0,0,1,1,0,20260814,20270628
212761796205,1,1,1,1,1,1,1,20260628,20260724
112162066210,1,1,1,0,0,1,1,20260725,20260729
112762116219,1,1,1,1,1,1,1,20260730,20260807
112162206224,1,1,1,0,0,1,1,20260808,20260812
106261946240,1,1,1,1,1,0,0,20260713,20260828
106562276249,0,0,0,0,0,1,1,20260815,20260906
112761837179,1,1,1,1,1,1,1,20260702,20270628
106261876198,1,1,1,1,1,0,0,20260706,20260717
106262016247,1,1,1,1,1,0,0,20260720,20260904
211561796181,1,1,0,0,1,1,1,20260628,20260630
106262296240,1,1,1,1,1,0,0,20260817,20260828
112761797179,1,1,1,1,1,1,1,20260628,20270628
212761796181,1,1,1,1,1,1,1,20260628,20260630
112761817179,1,1,1,1,1,1,1,20260630,20270628
103261806180,1,0,0,0,0,0,0,20260629,20260629
106561797179,0,0,0,0,0,1,1,20260628,20270628
206261796195,1,1,1,1,1,0,0,20260628,20260714
100861966196,0,0,1,0,0,0,0,20260715,20260715
106261976285,1,1,1,1,1,0,0,20260716,20261012
206761796186,0,0,0,0,1,1,1,20260628,20260705
112761806210,1,1,1,1,1,1,1,20260629,20260729
112762417179,1,1,1,1,1,1,1,20260829,20270628
212761796183,1,1,1,1,1,1,1,20260628,20260702
212761796240,1,1,1,1,1,1,1,20260628,20260828
112761857179,1,1,1,1,1,1,1,20260704,20270628
100462116211,0,0,0,1,0,0,0,20260730,20260730
100262126212,0,0,0,0,1,0,0,20260731,20260731
206261796190,1,1,1,1,1,0,0,20260628,20260709
106261916211,1,1,1,1,1,0,0,20260710,20260730
106561926207,0,0,0,0,0,1,1,20260711,20260726
112761807179,1,1,1,1,1,1,1,20260629,20270628
212761796303,1,1,1,1,1,1,1,20260628,20261030
112763047072,1,1,1,1,1,1,1,20261031,20270313
208461796302,0,1,0,1,0,0,1,20260628,20261029
108463057073,0,1,0,1,0,0,1,20261101,20270314
203761796304,1,0,0,1,0,1,0,20260628,20261031
103763067072,1,0,0,1,0,1,0,20261102,20270313
212761796304,1,1,1,1,1,1,1,20260628,20261031
112763057073,1,1,1,1,1,1,1,20261101,20270314
106262127179,1,1,1,1,1,0,0,20260731,20270628
106562137179,0,0,0,0,0,1,1,20260801,20270628
112761887179,1,1,1,1,1,1,1,20260707,20270628
212761796263,1,1,1,1,1,1,1,20260628,20260920
112763067074,1,1,1,1,1,1,1,20261102,20270315
100170727072,0,0,0,0,0,1,0,20270313,20270313
108470757179,0,1,0,1,0,0,1,20270316,20270628
103770747179,1,0,0,1,0,1,0,20270315,20270628
112770747179,1,1,1,1,1,1,1,20270315,20270628
201061796182,0,0,1,0,1,0,0,20260628,20260701
211761796181,1,1,0,1,0,1,1,20260628,20260630
103261876187,1,0,0,0,0,0,0,20260706,20260706
204161796301,1,0,1,0,0,1,0,20260628,20261028
104163047069,1,0,1,0,0,1,0,20261031,20270310
208261796300,0,1,0,0,1,0,1,20260628,20261027
108263037068,0,1,0,0,1,0,1,20261030,20270309
107470737179,0,0,1,0,1,0,1,20270314,20270628
112770757179,1,1,1,1,1,1,1,20270316,20270628
207461796303,0,0,1,0,1,0,1,20260628,20261030
107463057071,0,0,1,0,1,0,1,20261101,20270312
104170727179,1,0,1,0,0,1,0,20270313,20270628
108270717179,0,1,0,0,1,0,1,20270312,20270628
112762647179,1,1,1,1,1,1,1,20260921,20270628
